[[ 0.00000000e+00  0.00000000e+00  0.00000000e+00]
 [-2.51398766e-02  3.30073797e-02 -1.84967815e-02]
 [-4.34763185e-02  6.03745783e-02 -2.46337423e-02]
 [-5.77840887e-02  8.47149897e-02 -3.34071494e-02]
 [-7.06804088e-02  1.09348048e-01 -2.70862352e-02]
 [-1.99863310e-02  1.00478071e-01  1.06718369e-19]
 [-2.36950760e-02  1.29077805e-01 -2.47379800e-03]
 [-2.67140938e-02  1.52336302e-01 -2.49585343e-03]
 [-2.35282544e-02  1.76229840e-01 -2.20731931e-02]
 [ 4.11256978e-03  1.00458639e-01  9.23658219e-03]
 [ 8.91902206e-03  1.38054709e-01  1.21115055e-02]
 [ 1.63197417e-02  1.60945783e-01 -4.95635262e-04]
 [ 2.24573398e-02  1.89420228e-01 -1.11951329e-02]
 [ 2.55737854e-02  9.30280181e-02  5.99053477e-03]
 [ 3.39971390e-02  1.23702086e-01  7.50466422e-03]
 [ 4.02916317e-02  1.46844857e-01  2.01105190e-03]
 [ 4.81891369e-02  1.72127175e-01 -7.64938975e-03]
 [ 4.14900215e-02  7.59444833e-02 -4.59322056e-18]
 [ 5.42183817e-02  9.24704905e-02  5.90785345e-03]
 [ 6.47188467e-02  1.12749993e-01  5.17779059e-03]
 [ 7.25594733e-02  1.28816697e-01 -3.27787865e-03]]